0.028000 2.219000E-8
0.132000 1.637000E-8
0.232000 1.094400E-8
0.333000 6.620000E-9
0.433000 3.603000E-9
0.533000 1.725100E-9
0.632000 6.461000E-10
0.736000 4.880000E-11
0.831000 -2.849000E-10
0.934000 -4.477000E-10
1.039000 -5.290000E-10
1.141000 -5.675000E-10
1.239000 -5.867000E-10
1.336000 -5.925000E-10
1.440000 -5.971000E-10
1.540000 -5.998000E-10
1.640000 -6.027000E-10
1.737000 -3.458000E-10
1.844000 -6.201000E-10
1.941000 -6.183000E-10
2.044000 -6.180000E-10
2.141000 -6.344000E-10
2.245000 -6.236000E-10
2.347000 -6.239000E-10
2.450000 -6.293000E-10
2.550000 -6.053000E-10
2.651000 -6.869000E-10
2.748000 -6.579000E-10
2.848000 -6.403000E-10
2.949000 -7.216000E-10
3.047000 -6.819000E-10
0.033000 2.665000E-8
0.134000 1.980000E-8
0.231000 1.268100E-8
0.334000 7.729000E-9
0.430000 4.256000E-9
0.532000 2.082000E-9
0.634000 8.567000E-10
0.730000 1.256000E-10
0.836000 -2.684000E-10
0.936000 -4.698000E-10
1.040000 -5.785000E-10
1.140000 -6.115000E-10
1.240000 -6.409000E-10
1.339000 -6.079000E-10
1.442000 -6.485000E-10
1.539000 -6.825000E-10
1.640000 -6.990000E-10
1.742000 -7.017000E-10
1.844000 -7.042000E-10
1.942000 -7.053000E-10
2.043000 -6.946000E-10
2.142000 -6.964000E-10
2.241000 -7.000000E-10
2.349000 -7.022000E-10
2.448000 -7.028000E-10
2.549000 -7.023000E-10
2.646000 -7.083000E-10
2.749000 -7.082000E-10
2.850000 -7.052000E-10
2.954000 -7.005000E-10
3.047000 -7.020000E-10
0.033000 2.890000E-8
0.132000 2.229000E-8
0.235000 1.498100E-8
0.331000 9.099000E-9
0.430000 5.045000E-9
0.533000 2.502000E-9
0.633000 1.028500E-9
0.732000 2.032000E-10
0.836000 -2.508000E-10
0.930000 -4.800000E-10
1.040000 -5.844000E-10
1.141000 -6.315000E-10
1.240000 -6.573000E-10
1.342000 -6.659000E-10
1.442000 -6.689000E-10
1.538000 -6.724000E-10
1.641000 -6.773000E-10
1.741000 -6.809000E-10
1.839000 -6.849000E-10
1.939000 -6.868000E-10
2.040000 -6.885000E-10
2.143000 -6.932000E-10
2.244000 -6.924000E-10
2.347000 -7.071000E-10
2.448000 -7.059000E-10
2.548000 -7.085000E-10
2.648000 -7.128000E-10
2.750000 -7.057000E-10
2.847000 -6.997000E-10
2.950000 -7.175000E-10
3.048000 -7.184000E-10
0.030000 2.968000E-8
0.134000 2.195000E-8
0.237000 1.471000E-8
0.334000 8.914000E-9
0.434000 5.005000E-9
0.533000 2.495000E-9
0.631000 1.019100E-9
0.730000 2.016000E-10
0.832000 -2.455000E-10
0.932000 -4.817000E-10
1.041000 -5.934000E-10
1.138000 -6.455000E-10
1.237000 -6.755000E-10
1.339000 -6.880000E-10
1.442000 -6.937000E-10
1.541000 -6.986000E-10
1.645000 -7.009000E-10
1.742000 -6.732000E-10
1.841000 -6.767000E-10
1.942000 -6.770000E-10
2.043000 -6.787000E-10
2.141000 -6.821000E-10
2.240000 -6.843000E-10
2.347000 -6.854000E-10
2.446000 -6.863000E-10
2.547000 -6.949000E-10
2.649000 -7.111000E-10
2.750000 -7.239000E-10
2.848000 -7.153000E-10
2.952000 -7.163000E-10
3.051000 -7.251000E-10
0.030000 3.006000E-8
0.130000 2.234000E-8
0.231000 1.353500E-8
0.330000 8.169000E-9
0.430000 4.579000E-9
0.531000 2.199000E-9
0.634000 8.764000E-10
0.734000 1.365000E-10
0.831000 -2.621000E-10
0.930000 -4.698000E-10
1.041000 -5.708000E-10
1.141000 -6.168000E-10
1.241000 -6.374000E-10
1.336000 -6.667000E-10
1.442000 -6.636000E-10
1.538000 -6.904000E-10
1.640000 -6.902000E-10
1.740000 -6.976000E-10
1.841000 -7.136000E-10
1.945000 -7.154000E-10
2.042000 -7.156000E-10
2.141000 -7.229000E-10
2.244000 -7.184000E-10
2.350000 -7.177000E-10
2.449000 -6.930000E-10
2.550000 -6.894000E-10
2.646000 -6.786000E-10
2.752000 -6.765000E-10
2.850000 -6.702000E-10
2.952000 -6.710000E-10
3.051000 -6.714000E-10
0.032000 2.620000E-8
0.132000 2.062000E-8
0.232000 1.422600E-8
0.336000 8.558000E-9
0.432000 5.437000E-9
0.533000 2.056000E-9
0.633000 8.086000E-10
0.734000 1.091000E-10
0.833000 -2.713000E-10
0.932000 -4.679000E-10
1.038000 -5.634000E-10
1.139000 -6.075000E-10
1.243000 -6.274000E-10
1.335000 -6.371000E-10
1.439000 -6.421000E-10
1.541000 -6.430000E-10
1.641000 -6.400000E-10
1.739000 -6.566000E-10
1.840000 -6.574000E-10
1.941000 -6.615000E-10
2.040000 -6.626000E-10
2.140000 -6.630000E-10
2.244000 -6.615000E-10
2.349000 -6.652000E-10
2.448000 -6.655000E-10
2.548000 -6.679000E-10
2.650000 -6.677000E-10
2.747000 -6.682000E-10
2.846000 -6.725000E-10
2.949000 -6.706000E-10
3.053000 -6.746000E-10
0.032000 2.583000E-8
0.129000 1.949000E-8
0.233000 1.304900E-8
0.332000 7.918000E-9
0.433000 4.152000E-9
0.533000 2.017000E-9
0.633000 7.919000E-10
0.733000 1.137000E-10
0.835000 -2.700000E-10
0.936000 -4.671000E-10
1.039000 -5.664000E-10
1.140000 -6.123000E-10
1.238000 -6.270000E-10
1.341000 -6.417000E-10
1.438000 -6.475000E-10
1.541000 -6.521000E-10
1.641000 -6.535000E-10
1.740000 -6.576000E-10
1.840000 -6.608000E-10
1.941000 -6.588000E-10
2.044000 -6.607000E-10
2.143000 -6.513000E-10
2.245000 -7.115000E-10
2.347000 -6.871000E-10
2.451000 -6.913000E-10
2.548000 -6.953000E-10
2.651000 -6.733000E-10
2.750000 -6.752000E-10
2.851000 -6.772000E-10
2.951000 -6.777000E-10
3.049000 -6.774000E-10
0.035000 3.161000E-8
0.134000 2.347000E-8
0.235000 1.586200E-8
0.332000 9.638000E-9
0.434000 5.391000E-9
0.534000 2.718000E-9
0.633000 1.082300E-9
0.734000 1.978000E-10
0.831000 -2.188000E-10
0.933000 -4.792000E-10
1.037000 -5.970000E-10
1.140000 -6.527000E-10
1.238000 -6.733000E-10
1.341000 -6.819000E-10
1.439000 -6.876000E-10
1.542000 -6.927000E-10
1.640000 -6.948000E-10
1.742000 -6.978000E-10
1.840000 -7.002000E-10
1.943000 -7.035000E-10
2.043000 -7.098000E-10
2.144000 -7.042000E-10
2.242000 -7.054000E-10
2.350000 -7.077000E-10
2.450000 -7.050000E-10
2.550000 -7.109000E-10
2.648000 -7.076000E-10
2.749000 -7.105000E-10
2.850000 -7.059000E-10
2.949000 -7.018000E-10
3.051000 -7.069000E-10
0.032000 2.917000E-8
0.132000 2.161000E-8
0.234000 1.453700E-8
0.334000 8.908000E-9
0.431000 4.890000E-9
0.533000 2.431000E-9
0.632000 9.954000E-10
0.734000 1.876000E-10
0.835000 -2.511000E-10
0.935000 -4.798000E-10
1.039000 -5.875000E-10
1.139000 -6.387000E-10
1.243000 -6.615000E-10
1.342000 -6.726000E-10
1.436000 -6.798000E-10
1.540000 -6.842000E-10
1.640000 -6.876000E-10
1.739000 -6.915000E-10
1.840000 -6.922000E-10
1.939000 -6.937000E-10
2.042000 -6.971000E-10
2.142000 -6.984000E-10
2.242000 -7.096000E-10
2.350000 -7.098000E-10
2.448000 -7.109000E-10
2.550000 -7.134000E-10
2.648000 -7.150000E-10
2.752000 -7.149000E-10
2.848000 -7.163000E-10
2.949000 -7.176000E-10
3.047000 -6.760000E-10
0.033000 2.652000E-8
0.136000 1.937000E-8
0.233000 1.277700E-8
0.334000 9.740000E-9
0.433000 5.526000E-9
0.534000 2.770000E-9
0.633000 1.173400E-9
0.732000 2.683000E-10
0.836000 -2.264000E-10
0.933000 -4.811000E-10
1.039000 -6.084000E-10
1.139000 -6.674000E-10
1.241000 -6.913000E-10
1.340000 -7.019000E-10
1.439000 -7.112000E-10
1.541000 -7.161000E-10
1.642000 -7.186000E-10
1.741000 -7.258000E-10
1.840000 -7.289000E-10
1.939000 -7.289000E-10
2.042000 -6.503000E-10
2.141000 -7.234000E-10
2.242000 -7.261000E-10
2.347000 -7.252000E-10
2.450000 -7.604000E-10
2.547000 -7.271000E-10
2.651000 -6.540000E-10
2.750000 -7.152000E-10
2.851000 -7.062000E-10
2.951000 -7.094000E-10
3.051000 -7.073000E-10
0.030000 3.136000E-8
0.135000 2.316000E-8
0.233000 1.546700E-8
0.333000 9.419000E-9
0.434000 5.280000E-9
0.534000 2.665000E-9
0.636000 1.062100E-9
0.732000 2.008000E-10
0.832000 -2.541000E-10
0.934000 -4.618000E-10
1.037000 -6.187000E-10
1.136000 -6.180000E-10
1.239000 -6.464000E-10
1.338000 -5.820000E-10
1.439000 -5.998000E-10
1.541000 -6.437000E-10
1.644000 -5.728000E-10
1.741000 -6.435000E-10
1.839000 -4.601000E-10
1.942000 -6.547000E-10
2.039000 -6.458000E-10
2.138000 -6.538000E-10
2.240000 -6.548000E-10
2.346000 -6.634000E-10
2.451000 -6.551000E-10
2.549000 -6.560000E-10
2.650000 -6.600000E-10
2.749000 -6.578000E-10
2.849000 -6.571000E-10
2.951000 -6.583000E-10
3.052000 -6.596000E-10
0.031000 2.507000E-8
0.131000 1.857000E-8
0.232000 1.265700E-8
0.334000 7.635000E-9
0.432000 4.104000E-9
0.538000 1.994000E-9
0.633000 7.759000E-10
0.734000 9.040000E-11
0.832000 -2.801000E-10
0.933000 -4.718000E-10
1.040000 -5.643000E-10
1.141000 -6.060000E-10
1.240000 -6.220000E-10
1.341000 -6.335000E-10
1.441000 -6.310000E-10
1.537000 -6.353000E-10
1.639000 -6.389000E-10
1.740000 -6.410000E-10
1.839000 -6.430000E-10
1.938000 -6.424000E-10
2.043000 -6.459000E-10
2.141000 -6.521000E-10
2.238000 -6.513000E-10
2.349000 -6.516000E-10
2.448000 -6.518000E-10
2.549000 -6.550000E-10
2.646000 -6.582000E-10
2.751000 -6.436000E-10
2.847000 -6.762000E-10
2.949000 -6.653000E-10
3.050000 -6.477000E-10
0.033000 2.282000E-8
0.131000 1.746100E-8
0.230000 1.155800E-8
0.333000 6.976000E-9
0.431000 3.809000E-9
0.533000 1.843000E-9
0.631000 7.359000E-10
0.735000 2.202000E-10
0.830000 -2.409000E-10
0.932000 -4.827000E-10
1.039000 -6.005000E-10
1.139000 -6.539000E-10
1.240000 -6.776000E-10
1.338000 -6.889000E-10
1.439000 -6.955000E-10
1.539000 -7.004000E-10
1.638000 -7.033000E-10
1.740000 -7.059000E-10
1.841000 -7.091000E-10
1.941000 -7.125000E-10
2.045000 -6.992000E-10
2.145000 -6.964000E-10
2.243000 -7.170000E-10
2.349000 -6.701000E-10
2.448000 -6.817000E-10
2.549000 -6.822000E-10
2.647000 -7.094000E-10
2.747000 -6.895000E-10
2.851000 -6.339000E-10
2.948000 -7.147000E-10
3.051000 -7.228000E-10
0.033000 2.967000E-8
0.132000 2.226000E-8
0.231000 1.501500E-8
0.332000 9.175000E-9
0.433000 5.084000E-9
0.530000 2.484000E-9
0.633000 1.077900E-9
0.735000 2.819000E-10
0.836000 -2.489000E-10
0.932000 -5.049000E-10
1.040000 -6.571000E-10
1.136000 -5.705000E-10
1.241000 -7.159000E-10
1.340000 -2.082000E-10
1.439000 -5.629000E-10
1.543000 -5.996000E-10
1.640000 -6.528000E-10
1.741000 -6.414000E-10
1.843000 -6.292000E-10
1.941000 -6.240000E-10
2.044000 -6.324000E-10
2.141000 -6.356000E-10
2.244000 -6.348000E-10
2.349000 -6.445000E-10
2.450000 -6.726000E-10
2.547000 -7.571000E-10
2.648000 -7.217000E-10
2.749000 -7.215000E-10
2.849000 -7.304000E-10
2.949000 -7.284000E-10
3.052000 -7.275000E-10
