0.033000 9.373000E-9
0.133000 5.450000E-9
0.230000 3.186000E-9
0.331000 1.405100E-9
0.432000 4.869000E-10
0.529000 3.510000E-11
0.633000 -1.430000E-10
0.729000 -1.929000E-10
0.832000 -2.301000E-10
0.934000 -2.403000E-10
1.041000 -2.503000E-10
1.141000 -2.490000E-10
1.240000 -2.511000E-10
1.338000 -2.586000E-10
1.442000 -2.622000E-10
1.540000 -2.636000E-10
1.643000 -2.649000E-10
1.742000 -2.662000E-10
1.840000 -2.651000E-10
1.939000 -2.661000E-10
2.040000 -2.659000E-10
2.139000 -2.674000E-10
2.239000 -2.681000E-10
2.347000 -2.696000E-10
2.449000 -2.693000E-10
2.549000 -2.700000E-10
2.646000 -2.704000E-10
2.749000 -2.734000E-10
2.846000 -2.744000E-10
2.950000 -2.752000E-10
3.049000 -2.789000E-10
0.032000 8.865000E-9
0.131000 5.789000E-9
0.232000 3.233000E-9
0.333000 1.485900E-9
0.432000 5.175000E-10
0.533000 4.100000E-11
0.631000 -1.471000E-10
0.735000 -2.082000E-10
0.831000 -2.620000E-10
0.934000 -2.420000E-10
1.039000 -2.501000E-10
1.141000 -2.574000E-10
1.237000 -2.508000E-10
1.341000 -2.605000E-10
1.441000 -2.497000E-10
1.542000 -2.532000E-10
1.639000 -2.518000E-10
1.740000 -2.748000E-10
1.841000 -2.822000E-10
1.941000 -3.074000E-10
2.044000 -2.730000E-10
2.142000 -3.058000E-10
2.243000 -2.730000E-10
2.345000 -2.741000E-10
2.450000 -2.727000E-10
2.551000 -2.729000E-10
2.649000 -2.884000E-10
2.750000 -2.792000E-10
2.850000 -2.674000E-10
2.947000 -2.162000E-10
3.051000 -2.674000E-10
0.030000 9.019000E-9
0.131000 5.445000E-9
0.230000 3.100000E-9
0.335000 1.436300E-9
0.434000 4.889000E-10
0.535000 3.460000E-11
0.635000 -1.439000E-10
0.733000 -2.050000E-10
0.836000 -2.284000E-10
0.931000 -2.759000E-10
1.039000 -3.364000E-10
1.138000 -4.071000E-10
1.237000 -2.516000E-10
1.338000 -2.597000E-10
1.441000 -3.254000E-10
1.540000 -2.766000E-10
1.639000 -2.652000E-10
1.740000 -2.574000E-10
1.843000 -2.921000E-10
1.942000 -2.728000E-10
2.039000 -2.617000E-10
2.142000 -2.644000E-10
2.241000 -2.668000E-10
2.349000 -2.779000E-10
2.450000 -2.759000E-10
2.548000 -2.752000E-10
2.648000 -2.785000E-10
2.748000 -2.761000E-10
2.847000 -2.571000E-10
2.949000 -3.069000E-10
3.050000 -2.761000E-10
0.031000 8.342000E-9
0.132000 6.110000E-9
0.230000 3.596000E-9
0.331000 1.663700E-9
0.434000 5.429000E-10
0.532000 6.170000E-11
0.634000 -1.476000E-10
0.732000 -2.163000E-10
0.832000 -2.384000E-10
0.931000 -2.472000E-10
1.035000 -2.511000E-10
1.140000 -2.550000E-10
1.240000 -2.641000E-10
1.339000 -2.577000E-10
1.439000 -2.646000E-10
1.542000 -2.623000E-10
1.637000 -2.610000E-10
1.738000 -2.657000E-10
1.839000 -2.654000E-10
1.939000 -2.670000E-10
2.044000 -2.618000E-10
2.143000 -2.602000E-10
2.241000 -2.680000E-10
2.352000 -2.699000E-10
2.450000 -2.623000E-10
2.548000 -2.640000E-10
2.651000 -2.709000E-10
2.748000 -3.010000E-10
2.850000 -2.497000E-10
2.947000 -2.613000E-10
3.048000 -2.624000E-10
0.031000 8.823000E-9
0.129000 6.436000E-9
0.229000 3.674000E-9
0.333000 1.696000E-9
0.432000 5.880000E-10
0.531000 6.120000E-11
0.632000 -1.477000E-10
0.734000 -2.015000E-10
0.831000 -2.373000E-10
0.935000 -2.456000E-10
1.040000 -2.509000E-10
1.138000 -2.535000E-10
1.238000 -2.567000E-10
1.338000 -2.534000E-10
1.441000 -2.603000E-10
1.539000 -2.607000E-10
1.641000 -2.624000E-10
1.741000 -2.637000E-10
1.842000 -2.698000E-10
1.942000 -2.654000E-10
2.040000 -2.666000E-10
2.141000 -2.618000E-10
2.243000 -2.633000E-10
2.349000 -2.680000E-10
2.447000 -2.675000E-10
2.551000 -2.694000E-10
2.647000 -2.675000E-10
2.747000 -2.690000E-10
2.848000 -2.699000E-10
2.948000 -2.691000E-10
3.048000 -2.684000E-10
0.036000 9.216000E-9
0.130000 6.318000E-9
0.231000 3.580000E-9
0.331000 1.678500E-9
0.433000 5.871000E-10
0.533000 5.930000E-11
0.635000 -1.500000E-10
0.737000 -2.840000E-10
0.836000 -2.350000E-10
0.934000 -2.503000E-10
1.040000 -2.440000E-10
1.138000 -2.056000E-10
1.243000 -2.822000E-10
1.340000 -2.641000E-10
1.438000 -2.193000E-10
1.536000 -1.929000E-10
1.640000 -2.874000E-10
1.742000 -2.472000E-10
1.841000 -2.774000E-10
1.942000 -2.634000E-10
2.040000 -2.894000E-10
2.139000 -2.890000E-10
2.242000 -2.770000E-10
2.347000 -2.524000E-10
2.449000 -2.725000E-10
2.548000 -3.325000E-10
2.650000 -3.041000E-10
2.747000 -2.722000E-10
2.848000 -2.891000E-10
2.949000 -2.928000E-10
3.051000 -2.949000E-10
0.032000 1.013300E-8
0.131000 7.294000E-9
0.232000 4.186000E-9
0.332000 1.995000E-9
0.433000 7.180000E-10
0.532000 9.890000E-11
0.632000 -1.523000E-10
0.733000 -2.287000E-10
0.833000 -2.529000E-10
0.938000 -2.644000E-10
1.040000 -2.712000E-10
1.139000 -2.765000E-10
1.245000 -2.780000E-10
1.339000 -2.783000E-10
1.436000 -2.828000E-10
1.540000 -2.811000E-10
1.642000 -2.854000E-10
1.742000 -2.855000E-10
1.840000 -2.854000E-10
1.941000 -2.879000E-10
2.041000 -2.893000E-10
2.141000 -2.849000E-10
2.243000 -2.893000E-10
2.349000 -2.914000E-10
2.448000 -3.245000E-10
2.549000 -2.169000E-10
2.649000 -2.473000E-10
2.753000 1.575000E-10
2.849000 -9.917000E-10
2.949000 -5.292000E-10
3.051000 -4.115000E-10
0.033000 9.911000E-9
0.134000 6.831000E-9
0.235000 3.902000E-9
0.333000 1.955000E-9
0.433000 6.195000E-10
0.535000 7.750000E-11
0.634000 -1.683000E-10
0.734000 -2.293000E-10
0.834000 -2.532000E-10
0.937000 -2.668000E-10
1.041000 -3.068000E-10
1.140000 -2.606000E-10
1.240000 -2.654000E-10
1.344000 -2.702000E-10
1.441000 -2.732000E-10
1.542000 -2.718000E-10
1.642000 -2.729000E-10
1.740000 -2.760000E-10
1.841000 -2.805000E-10
1.942000 -2.885000E-10
2.042000 -2.870000E-10
2.144000 -2.900000E-10
2.245000 -2.910000E-10
2.347000 -2.909000E-10
2.448000 -2.920000E-10
2.549000 -2.924000E-10
2.647000 -2.990000E-10
2.751000 -2.921000E-10
2.849000 -2.947000E-10
2.949000 -2.956000E-10
3.051000 -2.954000E-10
0.034000 1.022500E-8
0.134000 6.975000E-9
0.235000 3.977000E-9
0.329000 1.993000E-9
0.431000 7.198000E-10
0.533000 1.006000E-10
0.633000 -1.414000E-10
0.735000 -2.181000E-10
0.834000 -2.580000E-10
0.936000 -2.641000E-10
1.039000 -2.709000E-10
1.140000 -2.717000E-10
1.238000 -2.742000E-10
1.338000 -2.869000E-10
1.439000 -2.796000E-10
1.542000 -2.804000E-10
1.639000 -2.828000E-10
1.739000 -2.840000E-10
1.840000 -2.847000E-10
1.942000 -2.846000E-10
2.043000 -2.837000E-10
2.144000 -2.855000E-10
2.246000 -2.860000E-10
2.350000 -2.893000E-10
2.451000 -2.895000E-10
2.551000 -2.855000E-10
2.649000 -2.911000E-10
2.751000 -2.914000E-10
2.853000 -2.893000E-10
2.951000 -2.922000E-10
3.051000 -2.867000E-10
0.031000 1.001300E-8
0.133000 7.210000E-9
0.232000 4.138000E-9
0.331000 1.970000E-9
0.432000 7.102000E-10
0.533000 9.580000E-11
0.636000 -1.481000E-10
0.735000 -2.316000E-10
0.834000 -2.546000E-10
0.938000 -2.630000E-10
1.041000 -2.709000E-10
1.139000 -2.731000E-10
1.240000 -2.744000E-10
1.340000 -2.770000E-10
1.441000 -2.782000E-10
1.542000 -2.803000E-10
1.641000 -2.694000E-10
1.740000 -2.682000E-10
1.843000 -2.741000E-10
1.945000 -2.861000E-10
2.042000 -2.833000E-10
2.145000 -2.771000E-10
2.247000 -5.537000E-10
2.349000 -3.528000E-10
2.449000 -3.206000E-10
2.550000 -3.006000E-10
2.650000 -2.981000E-10
2.755000 -3.018000E-10
2.849000 -2.998000E-10
2.953000 -2.995000E-10
3.051000 -3.046000E-10
0.034000 9.756000E-9
0.138000 7.040000E-9
0.230000 4.049000E-9
0.334000 1.830000E-9
0.431000 6.936000E-10
0.532000 6.610000E-11
0.635000 -1.484000E-10
0.732000 -2.220000E-10
0.937000 -2.548000E-10
1.040000 -2.642000E-10
1.142000 -2.626000E-10
1.243000 -2.716000E-10
1.340000 -2.669000E-10
1.440000 -2.674000E-10
1.540000 -2.706000E-10
1.641000 -2.686000E-10
1.739000 -2.726000E-10
1.840000 -2.736000E-10
1.943000 -2.746000E-10
2.041000 -2.755000E-10
2.145000 -2.758000E-10
2.245000 -2.778000E-10
2.347000 -2.777000E-10
2.448000 -2.782000E-10
2.550000 -2.765000E-10
2.651000 -2.801000E-10
2.750000 -2.821000E-10
2.848000 -2.820000E-10
2.951000 -2.829000E-10
3.050000 -2.829000E-10
0.033000 9.287000E-9
0.132000 6.321000E-9
0.234000 3.601000E-9
0.332000 1.738900E-9
0.433000 6.175000E-10
0.535000 6.880000E-11
0.633000 -1.459000E-10
0.731000 -2.164000E-10
0.834000 -2.453000E-10
0.938000 -2.548000E-10
1.040000 -2.586000E-10
1.139000 -2.622000E-10
1.241000 -2.647000E-10
1.341000 -2.664000E-10
1.443000 -2.686000E-10
1.543000 -2.697000E-10
1.642000 -2.713000E-10
1.741000 -2.727000E-10
1.841000 -2.744000E-10
1.941000 -2.749000E-10
2.041000 -2.765000E-10
2.144000 -2.773000E-10
2.247000 -2.786000E-10
2.348000 -2.793000E-10
2.450000 -2.790000E-10
2.548000 -2.806000E-10
2.651000 -2.814000E-10
2.749000 -2.816000E-10
2.851000 -2.824000E-10
2.951000 -2.824000E-10
3.048000 -2.829000E-10
0.033000 9.290000E-9
0.134000 6.524000E-9
0.232000 3.700000E-9
0.334000 1.745400E-9
0.437000 6.191000E-10
0.535000 7.100000E-11
0.632000 -1.480000E-10
0.732000 -2.210000E-10
0.835000 -2.463000E-10
0.939000 -2.527000E-10
1.043000 -2.579000E-10
1.140000 -2.622000E-10
1.242000 -2.645000E-10
1.341000 -2.674000E-10
1.444000 -2.679000E-10
1.539000 -2.700000E-10
1.640000 -2.713000E-10
1.741000 -2.717000E-10
1.842000 -2.743000E-10
1.945000 -2.752000E-10
2.041000 -2.765000E-10
2.144000 -2.773000E-10
2.248000 -2.780000E-10
2.345000 -2.779000E-10
2.447000 -2.784000E-10
2.550000 -2.794000E-10
2.648000 -2.808000E-10
2.753000 -2.815000E-10
2.852000 -2.824000E-10
2.953000 -2.822000E-10
3.047000 -2.826000E-10
0.033000 9.384000E-9
0.133000 6.486000E-9
0.234000 3.723000E-9
0.332000 1.771000E-9
0.432000 6.317000E-10
0.532000 7.310000E-11
0.634000 -1.471000E-10
0.733000 -2.203000E-10
0.832000 -2.437000E-10
0.938000 -2.539000E-10
1.038000 -2.586000E-10
1.143000 -2.625000E-10
1.244000 -2.651000E-10
1.343000 -2.668000E-10
1.445000 -2.688000E-10
1.540000 -2.710000E-10
1.640000 -2.713000E-10
1.741000 -2.735000E-10
1.842000 -2.762000E-10
1.940000 -2.747000E-10
2.042000 -2.769000E-10
2.141000 -2.767000E-10
2.248000 -2.781000E-10
2.346000 -2.789000E-10
2.447000 -2.803000E-10
2.549000 -2.808000E-10
2.651000 -2.789000E-10
2.748000 -2.819000E-10
2.853000 -2.826000E-10
2.952000 -2.833000E-10
3.047000 -2.810000E-10
0.033000 9.299000E-9
0.134000 6.349000E-9
0.236000 3.644000E-9
0.335000 1.754000E-9
0.432000 6.264000E-10
0.531000 7.140000E-11
0.630000 -1.479000E-10
0.734000 -2.210000E-10
0.831000 -2.446000E-10
0.935000 -2.536000E-10
1.038000 -2.585000E-10
1.140000 -2.618000E-10
1.240000 -2.644000E-10
1.342000 -2.665000E-10
1.440000 -2.689000E-10
1.545000 -2.678000E-10
1.643000 -2.723000E-10
1.740000 -2.734000E-10
1.841000 -2.745000E-10
1.938000 -2.756000E-10
2.041000 -2.779000E-10
2.141000 -2.788000E-10
2.245000 -2.796000E-10
2.350000 -2.801000E-10
2.450000 -2.809000E-10
2.551000 -2.804000E-10
2.649000 -2.817000E-10
2.749000 -2.821000E-10
2.850000 -2.827000E-10
2.952000 -2.833000E-10
3.049000 -2.838000E-10
0.033000 9.357000E-9
0.133000 6.451000E-9
0.235000 3.701000E-9
0.333000 1.751000E-9
0.436000 6.161000E-10
0.530000 7.110000E-11
0.629000 -1.472000E-10
0.733000 -2.202000E-10
0.832000 -2.436000E-10
0.940000 -2.530000E-10
1.040000 -2.579000E-10
1.139000 -2.616000E-10
1.239000 -2.646000E-10
1.338000 -2.659000E-10
1.442000 -2.683000E-10
1.541000 -2.702000E-10
1.641000 -2.721000E-10
1.743000 -2.737000E-10
1.842000 -2.745000E-10
1.939000 -2.757000E-10
2.044000 -2.770000E-10
2.146000 -2.775000E-10
2.247000 -2.784000E-10
2.349000 -2.793000E-10
2.446000 -2.794000E-10
2.546000 -2.807000E-10
2.650000 -2.797000E-10
2.746000 -2.823000E-10
2.850000 -2.810000E-10
2.952000 -2.811000E-10
3.051000 -2.805000E-10
0.033000 9.322000E-9
0.134000 6.379000E-9
0.232000 3.708000E-9
0.331000 1.757200E-9
0.434000 6.171000E-10
0.530000 7.000000E-11
0.630000 -1.473000E-10
0.732000 -2.206000E-10
0.831000 -2.437000E-10
0.941000 -2.535000E-10
1.039000 -2.592000E-10
1.138000 -2.628000E-10
1.236000 -2.650000E-10
1.341000 -2.670000E-10
1.439000 -2.694000E-10
1.541000 -2.712000E-10
1.643000 -2.726000E-10
1.738000 -2.737000E-10
1.843000 -2.759000E-10
1.939000 -2.757000E-10
2.043000 -2.765000E-10
2.142000 -2.783000E-10
2.249000 -2.791000E-10
2.347000 -2.801000E-10
2.450000 -2.808000E-10
2.548000 -2.814000E-10
2.647000 -2.820000E-10
2.750000 -2.830000E-10
2.854000 -2.829000E-10
2.953000 -2.840000E-10
3.049000 -2.845000E-10
0.032000 9.550000E-9
0.132000 6.610000E-9
0.232000 3.771000E-9
0.334000 1.788100E-9
0.434000 6.316000E-10
0.532000 7.270000E-11
0.634000 -1.475000E-10
0.735000 -2.209000E-10
0.832000 -2.444000E-10
0.939000 -2.539000E-10
1.039000 -2.591000E-10
1.141000 -2.625000E-10
1.238000 -2.649000E-10
1.340000 -2.677000E-10
1.440000 -2.700000E-10
1.542000 -2.718000E-10
1.646000 -2.733000E-10
1.841000 -2.748000E-10
1.943000 -2.730000E-10
2.039000 -2.796000E-10
2.140000 -2.779000E-10
2.249000 -2.793000E-10
2.348000 -2.799000E-10
2.447000 -2.791000E-10
2.547000 -2.796000E-10
2.649000 -2.823000E-10
2.747000 -2.830000E-10
2.849000 -2.835000E-10
2.949000 -2.839000E-10
3.050000 -2.844000E-10
0.033000 9.725000E-9
0.131000 6.677000E-9
0.232000 3.815000E-9
0.335000 1.805000E-9
0.436000 6.298000E-10
0.533000 7.300000E-11
0.634000 -1.497000E-10
0.736000 -2.241000E-10
0.833000 -2.478000E-10
0.938000 -2.568000E-10
1.039000 -2.602000E-10
1.139000 -2.654000E-10
1.240000 -2.668000E-10
1.340000 -2.709000E-10
1.442000 -2.724000E-10
1.541000 -2.738000E-10
1.642000 -2.751000E-10
1.742000 -2.766000E-10
1.842000 -2.859000E-10
1.942000 -2.836000E-10
2.040000 -2.811000E-10
2.140000 -2.805000E-10
2.250000 -2.801000E-10
2.350000 -2.825000E-10
2.446000 -2.841000E-10
2.552000 -2.838000E-10
2.649000 -2.843000E-10
2.749000 -2.847000E-10
2.850000 -2.853000E-10
2.953000 -2.859000E-10
3.049000 -2.876000E-10
0.033000 9.509000E-9
0.135000 6.282000E-9
0.232000 3.577000E-9
0.332000 1.681600E-9
0.434000 5.876000E-10
0.532000 5.680000E-11
0.632000 -1.456000E-10
0.734000 -2.114000E-10
0.832000 -2.492000E-10
0.941000 -2.503000E-10
1.039000 -2.557000E-10
1.138000 -2.672000E-10
1.237000 -2.732000E-10
1.340000 -2.720000E-10
1.440000 -2.727000E-10
1.542000 -2.784000E-10
1.641000 -2.734000E-10
1.741000 -2.801000E-10
1.841000 -2.791000E-10
1.941000 -2.805000E-10
2.042000 -2.802000E-10
2.141000 -2.815000E-10
2.245000 -2.823000E-10
2.349000 -2.833000E-10
2.448000 -2.839000E-10
2.547000 -2.844000E-10
2.648000 -2.877000E-10
2.752000 -2.874000E-10
2.849000 -2.875000E-10
2.949000 -2.899000E-10
3.053000 -2.874000E-10
