0.033000 1.009800E-8
0.133000 7.247000E-9
0.233000 4.189000E-9
0.335000 2.037000E-9
0.436000 7.539000E-10
0.530000 1.230000E-10
0.632000 -1.346000E-10
0.732000 -2.234000E-10
0.834000 -2.515000E-10
0.937000 -2.624000E-10
1.041000 -2.659000E-10
1.143000 -2.684000E-10
1.240000 -2.710000E-10
1.339000 -2.730000E-10
1.440000 -2.745000E-10
1.541000 -2.760000E-10
1.639000 -2.778000E-10
1.743000 -2.790000E-10
1.838000 -2.804000E-10
1.941000 -2.709000E-10
2.042000 -2.697000E-10
2.143000 -2.814000E-10
2.248000 -2.811000E-10
2.348000 -2.787000E-10
2.450000 -2.805000E-10
2.550000 -2.807000E-10
2.650000 -2.815000E-10
2.751000 -2.827000E-10
2.852000 -2.831000E-10
2.949000 -2.835000E-10
3.051000 -2.845000E-10
0.034000 1.033200E-8
0.129000 6.978000E-9
0.233000 4.279000E-9
0.335000 2.079000E-9
0.433000 7.711000E-10
0.537000 1.278000E-10
0.632000 -1.345000E-10
0.735000 -2.235000E-10
0.833000 -2.517000E-10
0.939000 -2.615000E-10
1.038000 -2.662000E-10
1.140000 -2.689000E-10
1.242000 -2.633000E-10
1.340000 -2.745000E-10
1.443000 -2.707000E-10
1.542000 -2.912000E-10
1.645000 -2.784000E-10
1.742000 -2.817000E-10
1.842000 -2.825000E-10
1.942000 -2.829000E-10
2.042000 -2.932000E-10
2.142000 -2.849000E-10
2.250000 -2.834000E-10
2.347000 -2.850000E-10
2.448000 -2.854000E-10
2.550000 -2.866000E-10
2.646000 -2.873000E-10
2.752000 -2.867000E-10
2.854000 -2.886000E-10
2.954000 -2.888000E-10
3.049000 -2.894000E-10
0.032000 1.029300E-8
0.131000 7.068000E-9
0.234000 4.118000E-9
0.334000 1.972000E-9
0.431000 7.285000E-10
0.532000 1.163000E-10
0.634000 -1.371000E-10
0.733000 -2.264000E-10
0.834000 -2.481000E-10
0.939000 -2.378000E-10
1.038000 -2.603000E-10
1.137000 -2.596000E-10
1.238000 -2.622000E-10
1.344000 -2.648000E-10
1.445000 -2.656000E-10
1.541000 -2.670000E-10
1.641000 -2.691000E-10
1.740000 -2.694000E-10
1.842000 -2.704000E-10
1.939000 -2.687000E-10
2.044000 -2.716000E-10
2.146000 -2.745000E-10
2.246000 -2.756000E-10
2.350000 -2.754000E-10
2.449000 -2.761000E-10
2.548000 -2.751000E-10
2.651000 -2.789000E-10
2.750000 -2.798000E-10
2.851000 -2.815000E-10
2.952000 -2.804000E-10
3.052000 -2.810000E-10
0.034000 9.945000E-9
0.132000 6.911000E-9
0.236000 3.957000E-9
0.334000 1.854000E-9
0.433000 6.868000E-10
0.531000 1.015000E-10
0.633000 -1.359000E-10
0.731000 -2.189000E-10
0.835000 -2.442000E-10
0.939000 -2.533000E-10
1.040000 -2.594000E-10
1.137000 -2.614000E-10
1.241000 -2.535000E-10
1.340000 -2.612000E-10
1.440000 -2.620000E-10
1.541000 -2.640000E-10
1.645000 -2.654000E-10
1.741000 -2.665000E-10
1.845000 -2.677000E-10
1.942000 -2.687000E-10
2.039000 -2.687000E-10
2.145000 -2.701000E-10
2.250000 -2.711000E-10
2.348000 -2.720000E-10
2.450000 -2.725000E-10
2.550000 -2.730000E-10
2.647000 -2.739000E-10
2.746000 -2.743000E-10
2.849000 -2.761000E-10
2.950000 -2.754000E-10
3.050000 -2.770000E-10
0.034000 9.708000E-9
0.134000 6.622000E-9
0.233000 3.805000E-9
0.334000 1.822000E-9
0.436000 6.613000E-10
0.534000 9.340000E-11
0.633000 -1.368000E-10
0.732000 -2.164000E-10
0.836000 -2.418000E-10
0.940000 -2.508000E-10
1.038000 -2.548000E-10
1.140000 -2.580000E-10
1.239000 -2.602000E-10
1.340000 -2.619000E-10
1.441000 -2.635000E-10
1.539000 -2.649000E-10
1.641000 -2.661000E-10
1.741000 -2.672000E-10
1.840000 -2.682000E-10
1.942000 -2.722000E-10
2.041000 -2.745000E-10
2.141000 -2.753000E-10
2.247000 -2.758000E-10
2.348000 -2.766000E-10
2.449000 -2.799000E-10
2.547000 -2.786000E-10
2.650000 -2.784000E-10
2.751000 -2.791000E-10
2.850000 -2.789000E-10
2.951000 -2.809000E-10
3.051000 -2.807000E-10
0.032000 9.693000E-9
0.132000 6.815000E-9
0.232000 4.102000E-9
0.332000 1.925300E-9
0.434000 6.591000E-10
0.533000 8.560000E-11
0.631000 -1.456000E-10
0.732000 -2.254000E-10
0.831000 -2.470000E-10
0.942000 -2.563000E-10
1.037000 -2.580000E-10
1.139000 -2.618000E-10
1.240000 -2.365000E-10
1.341000 -2.650000E-10
1.441000 -2.713000E-10
1.538000 -2.757000E-10
1.642000 -2.736000E-10
1.742000 -2.743000E-10
1.841000 -2.739000E-10
1.942000 -2.743000E-10
2.040000 -3.137000E-10
2.141000 -3.353000E-10
2.249000 -2.776000E-10
2.348000 -2.777000E-10
2.449000 -2.847000E-10
2.550000 -2.799000E-10
2.647000 -2.739000E-10
2.750000 -2.806000E-10
2.852000 -2.803000E-10
2.947000 -2.806000E-10
3.050000 -2.813000E-10
0.032000 9.908000E-9
0.129000 6.847000E-9
0.232000 3.905000E-9
0.331000 1.875000E-9
0.533000 1.023000E-10
0.634000 -1.369000E-10
0.732000 -2.197000E-10
0.834000 -2.441000E-10
0.940000 -2.536000E-10
1.038000 -2.580000E-10
1.138000 -2.612000E-10
1.238000 -2.665000E-10
1.341000 -2.630000E-10
1.440000 -2.672000E-10
1.543000 -2.686000E-10
1.641000 -2.699000E-10
1.742000 -2.714000E-10
1.840000 -2.718000E-10
1.941000 -2.732000E-10
2.042000 -2.765000E-10
2.142000 -2.717000E-10
2.250000 -2.769000E-10
2.349000 -2.786000E-10
2.447000 -2.780000E-10
2.549000 -2.821000E-10
2.649000 -2.781000E-10
2.749000 -2.799000E-10
2.849000 -2.804000E-10
2.950000 -2.797000E-10
3.048000 -2.861000E-10
0.032000 9.934000E-9
0.133000 6.860000E-9
0.233000 3.972000E-9
0.333000 1.909000E-9
0.432000 6.984000E-10
0.533000 1.053000E-10
0.633000 -1.360000E-10
0.730000 -2.197000E-10
0.833000 -2.452000E-10
0.943000 -2.580000E-10
1.041000 -2.594000E-10
1.140000 -2.628000E-10
1.239000 -2.644000E-10
1.342000 -2.659000E-10
1.442000 -2.679000E-10
1.540000 -2.690000E-10
1.643000 -2.706000E-10
1.744000 -2.717000E-10
1.845000 -2.726000E-10
1.942000 -2.736000E-10
2.041000 -2.744000E-10
2.143000 -2.752000E-10
2.250000 -2.754000E-10
2.348000 -2.774000E-10
2.450000 -2.776000E-10
2.546000 -2.783000E-10
2.645000 -2.786000E-10
2.745000 -2.786000E-10
2.849000 -2.793000E-10
2.947000 -2.804000E-10
3.047000 -2.737000E-10
0.031000 1.006400E-8
0.130000 6.890000E-9
0.232000 3.967000E-9
0.333000 1.904000E-9
0.435000 6.936000E-10
0.533000 1.034000E-10
0.633000 -1.368000E-10
0.733000 -2.198000E-10
0.831000 -2.464000E-10
0.941000 -2.550000E-10
1.040000 -2.591000E-10
1.139000 -2.620000E-10
1.235000 -2.644000E-10
1.339000 -2.663000E-10
1.437000 -2.677000E-10
1.538000 -2.688000E-10
1.640000 -2.700000E-10
1.743000 -2.710000E-10
1.842000 -2.724000E-10
1.939000 -2.736000E-10
2.041000 -2.746000E-10
2.142000 -2.754000E-10
2.248000 -2.757000E-10
2.350000 -2.763000E-10
2.450000 -2.776000E-10
2.550000 -2.777000E-10
2.651000 -2.780000E-10
2.749000 -2.778000E-10
2.848000 -2.791000E-10
2.946000 -2.792000E-10
3.054000 -2.795000E-10
0.029000 9.368000E-9
0.130000 6.797000E-9
0.230000 3.950000E-9
0.330000 1.898000E-9
0.430000 6.937000E-10
0.535000 1.038000E-10
0.632000 -1.378000E-10
0.735000 -2.365000E-10
0.834000 -3.397000E-10
0.939000 -2.562000E-10
1.040000 -2.614000E-10
1.138000 -2.634000E-10
1.238000 -2.668000E-10
1.344000 -2.675000E-10
1.440000 -2.451000E-10
1.540000 -2.696000E-10
1.640000 -2.703000E-10
1.737000 -2.761000E-10
1.843000 -2.728000E-10
1.943000 -2.743000E-10
2.039000 -2.748000E-10
2.142000 -2.922000E-10
2.250000 -2.663000E-10
2.348000 -2.678000E-10
2.449000 -2.784000E-10
2.552000 -2.784000E-10
2.650000 -2.788000E-10
2.751000 -2.796000E-10
2.850000 -2.804000E-10
2.948000 -2.807000E-10
3.046000 -2.783000E-10
0.032000 1.002600E-8
0.130000 6.802000E-9
0.230000 3.906000E-9
0.331000 1.894000E-9
0.430000 6.847000E-10
0.529000 1.024000E-10
0.633000 -1.372000E-10
0.738000 -2.204000E-10
0.836000 -2.460000E-10
0.940000 -2.546000E-10
1.041000 -2.603000E-10
1.139000 -2.619000E-10
1.238000 -2.642000E-10
1.339000 -2.666000E-10
1.439000 -2.644000E-10
1.540000 -2.705000E-10
1.640000 -2.762000E-10
1.737000 -2.689000E-10
1.841000 -2.694000E-10
1.940000 -2.590000E-10
2.043000 -2.790000E-10
2.143000 -2.629000E-10
2.245000 -2.708000E-10
2.348000 -2.631000E-10
2.447000 -2.591000E-10
2.548000 -2.565000E-10
2.650000 -2.559000E-10
2.748000 -2.645000E-10
2.849000 -2.678000E-10
2.946000 -2.336000E-10
3.051000 -2.857000E-10
0.033000 7.133000E-9
0.129000 5.558000E-9
0.230000 3.154000E-9
0.330000 1.514100E-9
0.432000 5.130000E-10
0.533000 4.340000E-11
0.635000 4.360000E-11
0.732000 -2.637000E-10
0.834000 -2.410000E-10
0.939000 -2.500000E-10
1.040000 -2.556000E-10
1.139000 -2.591000E-10
1.236000 -2.611000E-10
1.339000 -2.637000E-10
1.437000 -2.654000E-10
1.540000 -2.666000E-10
1.640000 -2.680000E-10
1.741000 -2.694000E-10
1.840000 -2.705000E-10
1.940000 -2.717000E-10
2.044000 -2.728000E-10
2.142000 -2.736000E-10
2.246000 -2.742000E-10
2.347000 -2.751000E-10
2.447000 -2.759000E-10
2.548000 -2.764000E-10
2.648000 -2.772000E-10
2.749000 -2.777000E-10
2.847000 -2.783000E-10
2.947000 -2.785000E-10
3.048000 -2.487000E-10
